# 紫カントリークラブ あやめコース - Hole-by-Hole Data

## EAST（旧東）OUT

| Hole | Par | HDCP | Back (yd) | Regular (yd) | Front (yd) | Murasaki (yd) |
|------|-----|------|-----------|--------------|-----------|---------------|
| 1 | 4 | 3 | 375 | 360 | 345 | 300 |
| 2 | 3 | 15 | 180 | 173 | 159 | 122 |
| 3 | 4 | 9 | 357 | 345 | 335 | 314 |
| 4 | 3 | 13 | 195 | 174 | 165 | 147 |
| 5 | 5 | 1 | 510 | 491 | 430 | 430 |
| 6 | 4 | 7 | 346 | 322 | 274 | 274 |
| 7 | 4 | 5 | 411 | 398 | 382 | 315 |
| 8 | 4 | 17 | 364 | 343 | 329 | 299 |
| 9 | 5 | 11 | 511 | 502 | 490 | 430 |

## EAST（旧東）IN

| Hole | Par | HDCP | Back (yd) | Regular (yd) | Front (yd) | Murasaki (yd) |
|------|-----|------|-----------|--------------|-----------|---------------|
| 10 | 5 | 4 | 510 | 492 | 474 | 428 |
| 11 | 4 | 10 | 386 | 361 | 349 | 318 |
| 12 | 3 | 16 | 175 | 165 | 152 | 126 |
| 13 | 4 | 2 | 415 | 384 | 373 | 326 |
| 14 | 4 | 14 | 307 | 290 | 277 | 265 |
| 15 | 4 | 8 | 380 | 366 | 352 | 310 |
| 16 | 3 | 18 | 150 | 131 | 118 | 118 |
| 17 | 4 | 6 | 406 | 389 | 362 | 307 |
| 18 | 5 | 12 | 482 | 462 | 448 | 417 |

## WEST（旧西）OUT

| Hole | Par | HDCP | Back (yd) | Regular (yd) | Front (yd) |
|------|-----|------|-----------|--------------|-----------|
| 1 | 4 | 9 | 322 | 314 | 306 |
| 2 | 3 | 15 | 127 | 119 | 114 |
| 3 | 4 | 3 | 375 | 362 | 348 |
| 4 | 3 | 13 | 176 | 166 | 157 |
| 5 | 5 | 7 | 450 | 442 | 431 |
| 6 | 4 | 1 | 392 | 383 | 378 |
| 7 | 5 | 17 | 453 | 444 | 435 |
| 8 | 4 | 5 | 353 | 348 | 338 |
| 9 | 4 | 11 | 323 | 303 | 294 |

## WEST（旧西）IN

| Hole | Par | HDCP | Back (yd) | Regular (yd) | Front (yd) |
|------|-----|------|-----------|--------------|-----------|
| 10 | 4 | 16 | 321 | 306 | 300 |
| 11 | 4 | 4 | 353 | 344 | 337 |
| 12 | 4 | 10 | 369 | 355 | 350 |
| 13 | 4 | 2 | 355 | 346 | 320 |
| 14 | 5 | 8 | 458 | 448 | 438 |
| 15 | 5 | 14 | 444 | 433 | 423 |
| 16 | 3 | 12 | 158 | 151 | 128 |
| 17 | 4 | 6 | 328 | 310 | 300 |
| 18 | 3 | 18 | 157 | 145 | 131 |
